196.74 -11.11 0.00 0.00 89.33 0.00
196.75 -10.33 0.04 0.14 89.33 0.00
196.77 -8.24 0.04 0.07 89.33 0.00
196.81 -5.42 0.04 0.05 89.32 0.00
196.85 -1.97 0.04 0.02 89.26 0.00
196.90 1.41 0.04 0.00 89.19 0.00
196.95 4.61 0.04 -0.00 89.14 0.00
197.00 7.95 0.04 0.00 89.12 0.00
197.05 11.35 0.04 0.01 89.17 -0.00
197.08 14.53 0.04 0.03 89.38 -0.00
197.11 18.51 0.04 0.03 89.81 -0.01
197.09 22.76 0.04 0.03 90.29 -0.01
197.04 27.37 0.04 0.03 90.74 -0.01
196.95 32.55 0.04 0.02 91.11 -0.01
196.84 37.58 0.04 0.02 91.40 -0.01
196.69 43.04 0.04 0.02 91.65 -0.00
196.53 48.39 0.04 0.02 91.70 0.00
196.39 53.39 0.04 0.02 91.52 0.01
196.25 59.97 0.04 0.02 91.09 0.01
196.16 65.69 0.04 0.01 90.71 0.01
196.10 72.08 0.04 0.01 90.39 0.01
196.07 78.22 0.04 0.01 90.19 0.00
196.06 84.72 0.04 0.01 90.06 0.00
196.06 90.96 0.04 0.01 89.96 0.00
196.06 97.53 0.04 0.01 90.21 -0.01
195.92 103.90 0.04 0.01 92.41 -0.07
195.35 110.68 0.04 0.01 96.82 -0.10
194.25 117.43 0.04 0.01 101.40 -0.10
192.59 124.20 0.04 0.01 105.79 -0.10
190.54 130.52 0.04 0.01 109.80 -0.10
188.01 136.79 0.04 0.01 113.80 -0.10
185.07 142.85 0.04 0.01 117.76 -0.10
181.70 148.71 0.04 0.01 121.73 -0.10
177.68 154.68 0.04 0.01 125.98 -0.10
173.69 159.79 0.04 0.01 129.81 -0.10
168.84 165.17 0.04 0.01 134.11 -0.10
164.00 169.80 0.04 0.01 138.09 -0.10
158.25 174.56 0.04 0.01 142.50 -0.10
152.59 178.57 0.04 0.01 146.64 -0.10
147.00 181.97 0.04 0.01 150.59 -0.10
140.52 185.29 0.04 0.00 154.99 -0.10
134.10 187.98 0.04 0.00 159.20 -0.11
127.61 190.17 0.04 0.00 163.36 -0.11
120.59 191.97 0.04 0.00 167.74 -0.11
113.85 193.17 0.04 0.00 171.88 -0.11
107.08 193.88 0.04 0.00 175.96 -0.10
99.54 194.12 0.04 0.00 -179.94 -0.08
92.77 194.01 0.04 0.01 -178.66 -0.02
85.53 193.90 0.04 -0.01 -179.59 0.02
79.56 193.95 0.04 -0.17 178.69 0.04
75.46 194.11 0.04 -0.09 177.31 0.02
72.06 194.31 0.04 -0.03 176.63 0.00
68.81 194.50 0.04 0.01 176.58 -0.00
65.56 194.69 0.04 0.01 176.76 -0.00
62.37 194.85 0.04 0.00 177.34 -0.01
58.88 194.95 0.04 0.00 178.43 -0.01
55.62 194.99 0.04 0.00 179.48 -0.01
52.38 194.98 0.04 0.00 -179.66 -0.01
49.15 194.93 0.04 -0.02 -179.09 0.00
46.96 194.89 0.04 -0.18 -179.07 -0.00
46.00 194.88 0.04 0.06 -179.02 -0.00
44.67 194.85 0.04 0.05 -178.96 0.00
42.81 194.81 0.04 0.05 -178.91 -0.00
40.21 194.76 0.04 0.05 -178.87 0.00
37.37 194.71 0.04 0.04 -178.90 0.00
33.97 194.65 0.04 0.01 -179.03 0.00
30.67 194.60 0.04 0.00 -179.24 0.00
27.35 194.57 0.04 0.00 -179.49 0.00
23.93 194.55 0.04 0.00 -179.75 0.00
20.55 194.55 0.04 0.00 -179.97 0.00
17.36 194.56 0.04 0.02 179.86 0.00
13.53 194.57 0.04 0.03 179.69 0.00
9.62 194.60 0.04 0.03 179.54 0.00
5.27 194.64 0.04 0.03 179.46 0.00
0.69 194.68 0.04 0.03 179.48 -0.00
-4.39 194.72 0.04 0.08 179.60 -0.00
-9.49 194.75 0.08 1.06 179.77 -0.01
-14.84 194.76 0.23 2.25 179.96 -0.00
-19.89 194.75 0.48 3.39 -179.88 0.01
-25.60 194.73 0.88 4.64 -179.74 0.02
-31.04 194.70 1.37 5.84 -179.64 0.04
-36.63 194.66 1.99 6.70 -179.57 0.05
-42.11 194.61 2.63 6.64 -179.50 0.06
-47.41 194.57 3.25 6.64 -179.47 0.06
-52.95 194.52 3.89 6.64 -179.51 0.06
-58.42 194.47 4.52 6.64 -179.62 0.05
-63.21 194.45 5.08 6.64 -179.77 0.03
-68.68 194.44 5.71 6.64 -179.97 0.01
-74.12 194.45 6.34 6.62 179.85 -0.01
-79.35 194.47 6.91 5.69 179.71 -0.02
-84.53 194.50 7.37 4.56 179.60 -0.03
-89.90 194.55 7.74 3.39 179.50 -0.03
-95.45 194.60 8.01 2.17 179.41 -0.02
-100.98 194.66 8.16 0.96 179.38 -0.01
-106.65 194.72 8.23 0.60 179.44 -0.01
-113.03 194.77 8.29 0.62 179.61 -0.01
-119.00 194.80 8.36 0.62 179.81 -0.01
-124.91 194.80 8.42 0.62 -179.99 -0.00
-131.33 194.79 8.49 0.62 -179.81 -0.00
-137.21 194.76 8.55 0.62 -179.58 -0.00
-143.68 194.65 8.62 0.66 -178.34 -0.04
-150.35 194.24 8.69 0.66 -174.78 -0.09
-156.31 193.46 8.76 0.66 -170.70 -0.10
-162.82 192.10 8.83 0.64 -166.27 -0.09
-169.25 190.25 8.91 0.64 -162.00 -0.09
-175.48 187.95 8.98 0.66 -157.86 -0.09
-181.46 185.24 9.06 0.66 -153.81 -0.09
-187.37 182.04 9.13 0.64 -149.69 -0.10
-192.74 178.63 9.20 0.65 -145.77 -0.10
-198.33 174.49 9.28 0.66 -141.50 -0.10
-203.35 170.17 9.35 0.62 -137.40 -0.10
-208.17 165.37 9.43 0.60 -133.18 -0.10
-212.74 160.09 9.50 0.55 -128.83 -0.10
-216.80 154.60 9.56 0.51 -124.57 -0.10
-220.39 148.94 9.62 0.50 -120.37 -0.10
-223.54 143.05 9.68 0.48 -116.19 -0.10
-226.36 136.67 9.73 0.42 -111.81 -0.10
-228.69 130.09 9.78 0.39 -107.44 -0.10
-230.35 124.05 9.82 0.37 -103.52 -0.11
-231.75 116.91 9.86 0.33 -98.96 -0.11
-232.54 110.21 9.90 0.29 -94.74 -0.11
-232.84 103.76 9.93 0.27 -90.84 -0.10
-232.76 96.58 9.95 0.20 -88.42 -0.03
-232.58 89.12 9.98 0.19 -89.00 0.02
-232.49 82.43 10.00 0.14 -89.36 0.00
-232.43 75.61 10.01 0.12 -89.54 0.01
-232.39 68.47 10.02 0.09 -89.87 0.01
-232.39 61.28 10.03 0.03 -90.05 0.00
-232.40 54.73 10.03 0.03 -90.08 0.00
-232.40 47.28 10.04 0.00 -90.01 -0.00
-232.40 40.53 10.04 0.00 -89.90 -0.00
-232.37 33.14 10.04 0.00 -89.76 -0.00
-232.34 26.41 10.04 0.00 -89.62 -0.00
-232.28 19.33 10.04 0.00 -89.50 -0.00
-232.21 12.14 10.04 0.00 -89.46 0.00
-232.16 5.11 10.04 0.00 -89.66 0.01
-232.14 -1.75 10.04 0.00 -90.12 0.01
-232.20 -9.13 10.04 0.00 -90.71 0.01
-232.32 -16.14 10.04 0.00 -91.20 0.01
-232.48 -22.78 10.04 0.00 -91.54 0.01
-232.70 -30.27 10.04 0.00 -91.85 0.01
-232.96 -37.87 10.04 0.00 -92.06 0.00
-233.21 -44.82 10.04 0.00 -91.98 -0.00
-233.43 -51.74 10.04 0.00 -91.60 -0.01
-233.59 -58.64 10.04 0.00 -91.09 -0.01
-233.70 -66.30 10.04 0.00 -90.58 -0.01
-233.74 -73.51 10.04 0.00 -90.22 -0.01
-233.76 -80.53 10.04 0.00 -89.96 -0.01
-233.74 -87.56 10.04 0.00 -89.75 -0.00
-233.69 -94.66 10.04 0.00 -89.55 -0.01
-233.59 -102.10 10.04 0.01 -88.77 -0.03
-233.27 -108.98 10.04 0.01 -85.57 -0.10
-232.34 -116.28 10.04 0.01 -80.01 -0.13
-230.86 -122.89 10.04 0.01 -75.03 -0.13
-228.82 -129.43 10.04 0.01 -70.48 -0.12
-226.02 -136.37 10.04 0.01 -65.84 -0.11
-222.95 -142.59 10.04 0.01 -61.72 -0.11
-219.40 -148.65 10.04 0.01 -57.61 -0.10
-215.31 -154.58 10.04 0.01 -53.41 -0.10
-210.90 -160.09 10.04 0.01 -49.28 -0.10
-205.92 -165.43 10.04 0.01 -44.95 -0.11
-200.72 -170.24 10.04 0.01 -40.70 -0.11
-195.21 -174.62 10.04 0.01 -36.43 -0.11
-189.12 -178.74 10.05 0.01 -31.90 -0
