204.04 13.78 0.01 0.00 -89.34 0.00
204.04 13.78 0.04 0.00 -89.34 0.00
204.04 13.78 0.04 0.00 -89.34 0.00
204.04 13.78 0.04 0.00 -89.34 0.00
204.04 13.78 0.04 0.00 -89.34 0.00
204.05 12.82 0.04 0.13 -89.34 0.00
204.07 10.66 0.04 0.07 -89.38 0.00
204.10 7.61 0.04 0.04 -89.56 0.00
204.11 4.42 0.04 0.02 -89.96 0.01
204.08 1.03 0.04 0.00 -90.52 0.01
204.02 -2.35 0.04 -0.00 -91.03 0.01
203.94 -5.73 0.04 0.00 -91.42 0.00
203.85 -9.07 0.04 0.01 -91.73 0.00
203.73 -12.58 0.04 0.03 -91.99 0.00
203.59 -16.45 0.04 0.03 -92.02 -0.00
203.45 -20.82 0.04 0.03 -91.70 -0.01
203.34 -25.33 0.04 0.03 -91.21 -0.01
203.27 -29.92 0.04 0.03 -90.75 -0.01
203.23 -35.02 0.04 0.02 -90.37 -0.01
203.21 -40.30 0.04 0.02 -90.11 -0.00
203.21 -45.75 0.04 0.02 -89.93 -0.00
203.23 -51.76 0.04 0.02 -89.76 -0.00
203.26 -57.68 0.04 0.02 -89.73 0.00
203.28 -63.67 0.04 0.01 -89.90 0.00
203.27 -69.42 0.04 0.01 -90.21 0.01
203.21 -76.20 0.04 0.01 -90.61 0.01
203.13 -82.14 0.04 0.01 -90.89 0.01
203.01 -88.83 0.04 0.01 -91.13 0.00
202.88 -94.99 0.04 0.01 -91.36 0.01
202.65 -102.00 0.04 0.01 -92.50 0.04
202.22 -108.22 0.04 0.01 -95.37 0.08
201.30 -115.04 0.04 0.01 -99.63 0.10
199.89 -121.74 0.04 0.01 -103.81 0.10
198.02 -128.30 0.04 0.01 -107.76 0.09
195.71 -134.71 0.04 0.01 -111.56 0.09
192.96 -141.02 0.04 0.01 -115.34 0.09
189.81 -147.11 0.04 0.01 -119.09 0.09
186.47 -152.68 0.04 0.01 -122.65 0.09
182.28 -158.71 0.04 0.01 -126.68 0.09
177.99 -164.07 0.04 0.01 -130.47 0.09
173.30 -169.19 0.04 0.01 -134.29 0.09
168.43 -173.86 0.04 0.01 -138.02 0.09
163.21 -178.23 0.04 0.01 -141.82 0.10
157.40 -182.46 0.04 0.01 -145.85 0.10
151.55 -186.13 0.04 0.01 -149.75 0.10
145.11 -189.57 0.04 0.01 -153.88 0.10
139.05 -192.29 0.04 0.01 -157.63 0.10
132.03 -194.86 0.04 0.00 -161.85 0.10
125.69 -196.71 0.04 0.00 -165.56 0.10
118.53 -198.27 0.04 0.00 -169.67 0.10
112.12 -199.22 0.04 0.00 -173.30 0.10
105.05 -199.79 0.04 0.00 -177.24 0.10
97.27 -199.91 0.04 0.01 179.43 0.06
90.23 -199.80 0.04 0.00 179.09 -0.00
84.08 -199.78 0.04 -0.17 -179.30 -0.04
79.68 -199.92 0.04 -0.11 -177.62 -0.02
76.25 -200.11 0.04 -0.04 -176.72 -0.01
73.04 -200.31 0.04 0.00 -176.52 0.00
69.85 -200.50 0.04 0.01 -176.62 0.00
66.32 -200.68 0.04 0.00 -177.16 0.01
63.11 -200.80 0.04 0.00 -178.13 0.01
59.70 -200.85 0.04 0.00 -179.27 0.01
56.52 -200.85 0.04 0.00 179.82 0.01
53.24 -200.80 0.04 0.00 179.09 0.01
50.62 -200.76 0.04 -0.16 179.04 0.00
50.03 -200.75 0.04 -0.11 179.01 -0.00
50.03 -200.75 0.04 0.00 179.01 0.00
50.03 -200.75 0.04 0.00 179.01 0.00
50.03 -200.75 0.04 0.00 179.01 0.00
50.03 -200.75 0.04 0.00 179.01 0.00
50.03 -200.75 0.04 0.00 179.01 0.00
50.03 -200.75 0.04 0.00 179.01 0.00
50.03 -200.75 0.04 0.00 179.01 0.00
50.03 -200.75 0.04 0.00 179.01 0.00
50.03 -200.75 0.04 0.00 179.01 0.00
50.03 -200.75 0.04 0.00 179.01 0.00
50.03 -200.75 0.04 0.00 179.01 0.00
49.85 -200.74 0.04 0.06 178.99 0.00
48.99 -200.73 0.04 0.05 178.96 0.00
47.45 -200.70 0.04 0.05 178.93 0.00
45.44 -200.66 0.04 0.05 178.91 0.00
42.88 -200.61 0.04 0.05 178.93 -0.00
39.92 -200.56 0.04 0.04 179.03 -0.00
36.33 -200.51 0.04 0.01 179.23 -0.00
33.19 -200.48 0.04 0.00 179.45 -0.00
29.67 -200.46 0.04 0.03 179.71 -0.00
25.63 -200.45 0.04 0.03 179.95 -0.00
21.35 -200.46 0.04 0.05 -179.85 -0.00
16.90 -200.48 0.04 0.08 -179.67 -0.00
12.10 -200.51 0.04 0.08 -179.51 -0.00
7.04 -200.56 0.06 0.66 -179.45 0.01
1.70 -200.61 0.19 2.08 -179.52 0.03
-3.49 -200.64 0.44 3.34 -179.67 0.02
-9.21 -200.66 0.84 4.72 -179.87 0.01
-14.71 -200.66 1.35 6.05 179.94 -0.01
-20.03 -200.65 1.97 7.19 179.79 -0.03
-25.54 -200.62 2.67 7.24 179.67 -0.05
-30.66 -200.59 3.32 7.24 179.59 -0.06
-36.06 -200.54 4.00 7.24 179.52 -0.07
-41.47 -200.49 4.68 7.24 179.48 -0.08
-46.39 -200.45 5.31 7.24 179.50 -0.07
-51.80 -200.41 5.99 7.24 179.62 -0.06
-56.65 -200.38 6.61 7.24 179.79 -0.04
-61.94 -200.38 7.27 7.24 180.00 -0.01
-67.02 -200.39 7.92 7.24 -179.81 0.01
-72.28 -200.42 8.56 6.48 -179.64 0.03
-77.41 -200.46 9.08 5.24 -179.51 0.03
-82.51 -200.50 9.49 4.00 -179.41 0.03
-88.07 -200.57 9.81 2.65 -179.31 0.03
-93.46 -200.63 10.00 1.34 -179.29 0.01
-99.02 -200.70 10.07 0.07 -179.38 0.00
-104.66 -200.75 10.06 -0.00 -179.56 0.00
-110.53 -200.78 10.06 0.00 -179.79 0.00
-116.73 -200.79 10.06 0.00 179.99 0.00
-122.67 -200.78 10.06 0.00 179.81 0.00
-129.16 -200.74 10.06 0.00 179.67 0.00
-135.53 -200.70 10.06 0.00 179.50 0.01
-141.89 -200.60 10.05 0.00 178.59 0.03
-148.41 -200.26 10.05 -0.00 175.58 0.08
-154.86 -199.50 10.05 -0.00 171.41 0.10
-161.41 -198.24 10.05 -0.00 167.19 0.10
-167.84 -196.52 10.05 -0.00 163.24 0.09
-174.43 -194.27 10.05 -0.00 159.27 0.09
-180.51 -191.72 10.05 -0.00 155.58 0.09
-186.70 -188.64 10.05 -0.00 151.75 0.09
-192.53 -185.24 10.05 -0.00 148.00 0.09
-198.43 -181.24 10.04 -0.00 144.01 0.09
-203.83 -177.02 10.04 -0.00 140.17 0.09
-208.99 -172.39 10.04 -0.00 136.25 0.10
-213.60 -167.66 10.04 -0.00 132.50 0.10
-218.32 -162.11 10.04 -0.00 128.40 0.10
-222.57 -156.31 10.04 -0.00 124.32 0.10
-226.16 -150.64 10.04 0.00 120.50 0.10
-229.50 -144.46 10.04 0.00 116.48 0.10
-232.46 -137.90 10.04 0.00 112.34 0.10
-234.83 -131.50 10.04 0.00 108.41 0.10
-236.86 -124.54 10.04 0.00 104.24 0.10
-238.25 -118.11 10.04 0.00 100.47 0.10
-239.33 -110.64 10.04 0.00 96.14 0.10
-239.83 -103.78 10.04 0.00 92.23 0.10
-239.88 -97.21 10.04 0.00 89.12 0.07
-239.68 -89.49 10.04 0.00 88.35 -0.00
-239.54 -82.65 10.04 0.01 89.27 -0.02
-239.50 -75.60 10.04 0.01 89.96 -0.01
-239.51 -68.53 10.04 0.01 90.25 -0.01
-239.55 -61.79 10.04 0.01 90.28 0.00
-239.58 -54.12 10.04 0.01 90.16 0.00
-239.58 -47.50 10.04 0.01 89.97 0.01
-239.57 -40.35 10.04 0.01 89.75 0.01
-239.52 -33.21 10.04 0.01 89.55 0.01
-239.45 -26.23 10.04 0.01 89.38 0.00
-239.37 -18.84 10.04 0.01 89.26 0.00
-239.27 -11.65 10.04 0.01 89.22 0.00
-239.18 -4.80 10.04 0.01 89.35 -0.00
-239.12 2.93 10.04 0.01 89.83 -0.01
-239.14 9.32 10.04 0.01 90.40 -0.02
-239.23 16.89 10.04 0.01 91.03 -0.01
-239.39 23.81 10.04 0.01 91.46 -0.01
-239.59 31.01 10.04 0.01 91.80 -0.01
-239.85 38.63 10.04 0.01 92.07 -0.01
-240.10 45.56 10.04 0.01 92.05 0.00
-240.33 52.53 10.04 -0.02 91.68 0.01
-240.50 59.74 10.03 -0.02 91.10 0.01
-240.61 67.06 10.02 -0.09 90.56 0.01
-240.65 73.85 10.01 -0.08 90.18 0.01
-240.65 81.18 10.00 -0.14 89.88 0.01
-240.62 88.27 9.98 -0.15 89.64 0.01
-240.57 95.43 9.96 -0.19 89.50 0.01
-240.48 102.96 9.93 -0.22 89.16 0.01
-240.32 109.13 9.90 -0.25 87.64 0.05
-239.67 116.89 9.87 -0.29 82.58 0.12
-238.38 124.04 9.83 -0.31 77.21 0.13
-236.59 130.62 9.79 -0.34 72.64 0.12
-234.12 137.54 9.74 -0.38 68.17 0.11
-231.09 144.32 9.69 -0.41 63.92 0.11
-227.84 150.43 9.64 -0.42 60.08 0.11
-224.20 156.28 9.58 -0.45 56.30 0.10
-219.93 162.21 9.52 -0.51 52.29 0.10
-215.21 167.87 9.46 -0.53 48.20 0.10
-210.05 173.23 9.38 -0.55 43.99 0.10
-204.88 177.87 9.31 -0.59 39.99 0.10
-199.26 182.24 9.24 -0.59 35.83 0.11
-192.85 186.49 9.16 -0.60 31.31 0.11
-186.99 189.77 9.09 -0.61 27.33 0.11
-179.94 193.06 9.01 -0.58 22.72 0.11
-173.06 195.63 8.93 -0.61 18.39 0.11
-166.51 197.55 8.86 -0.60 14.37 0.11
-159.26 199.11 8.78 -0.59 10.01 0.11
-151.74 200.13 8.70 -0.61 5.57 0.11
-144.56 200.57 8.63 -0.59 1.53 0.10
-137.80 200.60 8.55 -0.60 -0.73 0.05
-129.95 200.51 8.47 -0.60 -0.32 -0.01
-123.46 200.52 8.40 -0.61 0.52 -0.03
-115.73 200.64 8.32 -0.61 1.09 -0.02
-108.81 200.78 8.25 -0.60 1.23 -0.02
-101.50 200.93 8.17 -0.78 1.15 -0.02
-94.21 201.06 7.97 -2.42 0.94 -0.04
-87.57 201.16 7.60 -3.87 0.71 -0.05
-79.94 201.23 6.97 -5.56 0.45 -0.04
-73.70 201.27 6.30 -6.78 0.31 -0.04
-68.38 201.30 5.68 -6.71 0.34 -0.04
-63.71 201.34 5.14 -6.66 0.43 -0.05
-59.68 201.37 4.67 -6.64 0.49 -0.06
-54.85 201.41 4.11 -6.63 0.52 -0.06
-50.74 201.45 3.63 -6.63 0.51 -0.06
-45.88 201.49 3.07 -6.63 0.48 -0.06
-41.43 201.52 2.55 -6.63 0.44 -0.05
-37.12 201.55 2.05 -6.68 0.40 -0.05
-33.44 201.58 1.63 -6.40 0.35 -0.04
-29.98 201.60 1.27 -5.62 0.30 -0.03
-26.56 201.61 0.96 -4.86 0.23 -0.02
-23.11 201.62 0.69 -4.08 0.15 -0.01
-19.44 201.62 0.46 -3.26 0.05 -0.00
-16.24 201.62 0.30 -2.53 -0.03 0.00
-12.61 201.62 0.16 -1.73 -0.13 0.00
-9.32 201.60 0.08 -1.03 -0.20 0.00
-5.99 201.59 0.04 -0.30 -0.28 0.00
-2.80 201.57 0.04 0.03 -0.34 0.00
0.73 201.55 0.04 0.00 -0.37 -0.00
3.94 201.53 0.04 0.00 -0.34 -0.00
7.25 201.51 0.04 0.00 -0.23 -0.00
10.71 201.51 0.04 -0.02 -0.08 -0.00
12.85 201.51 0.04 -0.17 -0.02 -0.00
13.15 201.51 0.04 -0.05 0.07 0.00
13.15 201.51 0.04 0.00 0.07 0.00
13.15 201.51 0.04 0.00 0.07 0.00
13.15 201.51 0.04 0.00 0.07 0.00
13.15 201.51 0.04 0.00 0.07 0.00
13.15 201.51 0.04 0.00 0.07 0.00
13.15 201.51 0.04 0.00 0.07 0.00
13.15 201.51 0.04 0.00 0.07 0.00
13.15 201.51 0.04 0.00 0.07 0.00
13.15 201.51 0.04 0.00 0.07 0.00
13.15 201.51 0.04 0.00 0.07 0.00
13.15 201.51 0.04 0.00 0.07 0.00
13.15 201.51 0.04 0.00 0.07 0.00
13.15 201.51 0.04 0.00 0.07 0.00
13.15 201.51 0.04 0.00 0.07 0.00
13.15 201.51 0.04 0.00 0.07 0.00
13.15 201.51 0.04 0.00 0.07 0.00
13.15 201.51 0.04 0.00 0.07 0.00
13.15 201.51 0.04 0.00 0.07 0.00
13.15 201.51 0.04 0.00 0.07 0.00
13.15 201.51 0.04 0.00 0.07 0.00
13.15 201.51 0.04 0.00 0.07 0.00
13.15 201.51 0.04 0.00 0.07 0.00
13.15 201.51 0.04 0.00 0.07 0.00
13.15 201.51 0.04 0.00 0.07 0.00
13.15 201.51 0.04 0.00 0.07 0.00
13.15 201.51 0.04 0.00 0.07 0.00
13.15 201.51 0.04 0.00 0.07 0.00
13.15 201.51 0.04 0.00 0.07 0.00
13.15 201.51 0.04 0.00 0.07 0.00
13.15 201.51 0.04 0.00 0.07 0.00
13.15 201.51 0.04 0.00 0.07 0.00
13.15 201.51 0.04 0.00 0.07 0.00
13.15 201.51 0.04 0.00 0.07 0.00
13.16 201.51 0.04 0.01 0.08 -0.00
13.60 201.51 0.04 0.06 0.21 -0.00
14.65 201.52 0.04 0.05 0.37 -0.00
16.39 201.48 0.04 0.05 -1.34 0.06
18.57 201.06 0.04 0.04 -10.75 0.12
21.16 199.91 0.04 0.04 -24.90 0.14
23.61 198.04 0.04 0.02 -39.07 0.16
25.79 195.48 0.04 0.00 -51.30 0.12
27.48 192.62 0.04 -0.00 -61.05 0.11
28.71 189.44 0.04 -0.00 -70.27 0.10
29.42 186.45 0.04 0.00 -77.46 0.08
29.86 183.16 0.04 0.00 -82.94 0.04
30.15 179.68 0.04 0.00 -85.55 0.02
30.34 176.33 0.04 0.00 -86.91 0.01
30.49 173.05 0.04 0.00 -87.54 0.01
30.61 169.67 0.04 0.00 -87.95 0.00
30.72 166.23 0.04 0.00 -88.24 0.00
30.81 162.96 0.04 0.00 -88.44 0.00
30.89 159.70 0.04 0.00 -88.62 0.00
30.96 156.26 0.04 0.00 -88.80 0.00
31.02 153.19 0.04 0.00 -88.96 0.00
31.07 149.84 0.04 0.00 -89.09 0.00
31.12 146.58 0.04 0.00 -89.18 0.00
31.17 143.10 0.04 0.00 -89.24 0.00
31.21 139.77 0.04 0.00 -89.30 0.00
31.25 136.44 0.04 0.00 -89.36 0.00
31.28 133.10 0.04 0.00 -89.41 0.00
31.31 129.83 0.04 0.00 -89.47 0.00
31.34 126.49 0.04 0.00 -89.52 0.00
31.36 123.24 0.04 0.00 -89.58 0.00
31.39 119.89 0.04 0.00 -89.63 0.00
31.41 116.53 0.04 0.00 -89.67 0.00
31.42 113.17 0.04 0.00 -89.71 0.00
31.44 110.05 0.04 -0.11 -89.69 -0.00
31.45 108.63 0.04 -0.18 -89.58 -0.00
31.45 108.62 0.04 -0.00 -89.58 0.00
31.45 108.62 0.04 0.00 -89.58 0.00
31.45 108.62 0.04 0.00 -89.58 0.00
31.45 108.62 0.04 0.00 -89.58 0.00
31.45 108.62 0.04 0.00 -89.58 0.00
31.45 108.62 0.04 0.00 -89.58 0.00
31.45 108.62 0.04 0.00 -89.58 0.00
31.45 108.62 0.04 0.00 -89.58 0.00
31.45 108.62 0.04 0.00 -89.58 0.00
31.45 108.62 0.04 0.00 -89.58 0.00
31.45 108.62 0.04 0.00 -89.58 0.00
31.45 108.62 0.04 0.00 -89.58 0.00
31.45 108.62 0.04 0.00 -89.58 0.00
31.45 108.62 0.04 0.00 -89.58 0.00
31.45 108.62 0.04 0.00 -89.58 0.00
31.45 108.62 0.04 0.00 -89.58 0.00
31.45 108.62 0.04 0.00 -89.58 0.00
31.45 108.62 0.04 0.00 -89.58 0.00
31.45 108.62 0.04 0.00 -89.58 0.00
31.45 108.62 0.04 0.00 -89.58 0.00
31.45 108.62 0.04 0.00 -89.58 0.00
31.45 108.62 0.04 0.00 -89.58 0.00
31.45 108.62 0.04 0.00 -89.58 0.00
31.45 108.62 0.04 0.00 -89.58 0.00
31.45 108.62 0.04 0.00 -89.58 0.00
31.45 108.62 0.04 0.00 -89.58 0.00
31.45 108.62 0.04 0.00 -89.58 0.00
31.45 108.62 0.04 0.00 -89.58 0.00
31.45 108.62 0.04 0.00 -89.58 0.00
31.45 108.62 0.04 0.00 -89.58 0.00
31.45 108.62 0.04 0.00 -89.58 0.00
31.45 108.62 0.04 0.00 -89.58 0.00
31.45 108.62 0.04 0.00 -89.58 0.00
31.45 108.62 0.04 0.00 -89.58 0.00
31.45 108.62 0.04 0.00 -89.58 0.00
31.45 108.62 0.04 0.00 -89.58 0.00
31.45 108.62 0.04 0.00 -89.58 0.00
31.45 108.62 0.04 0.00 -89.58 0.00
31.45 108.62 0.04 0.00 -89.58 0.00
31.45 108.62 0.04 0.00 -89.58 0.00
31.45 108.62 0.04 0.00 -89.58 0.00
31.45 108.62 0.04 0.00 -89.58 0.00
31.45 108.62 0.04 0.00 -89.58 0.00
31.45 108.62 0.04 0.00 -89.58 0.00
31.45 108.62 0.04 0.00 -89.58 0.00
31.45 108.62 0.04 0.00 -89.58 0.00
31.45 108.62 0.04 0.00 -89.58 0.00
31.45 108.62 0.04 0.00 -89.58 0.00
31.45 108.62 0.04 0.00 -89.58 0.00
31.45 108.62 0.04 0.00 -89.58 0.00
31.45 108.62 0.04 0.00 -89.58 0.00
31.45 108.62 0.04 0.00 -89.58 0.00
31.45 108.62 0.04 0.00 -89.58 0.00
31.45 108.62 0.04 0.00 -89.58 0.00
31.45 108.62 0.04 0.00 -89.58 0.00
31.45 108.62 0.04 0.00 -89.58 0.00
31.45 108.62 0.04 0.00 -89.58 0.00
31.45 108.62 0.04 0.00 -89.58 0.00
31.45 108.62 0.04 0.00 -89.58 0.00
31.45 108.62 0.04 0.00 -89.58 0.00
31.45 108.62 0.04 0.00 -89.58 0.00
31.45 108.62 0.04 0.00 -89.58 0.00
31.45 108.62 0.04 0.00 -89.58 0.00
31.45 108.62 0.04 0.00 -89.58 0.00
31.45 108.62 0.04 0.00 -89.58 0.00
31.45 108.62 0.04 0.00 -89.58 0.00
31.45 108.62 0.04 0.00 -89.58 0.00
31.45 108.62 0.04 0.00 -89.58 0.00
31.45 108.62 0.04 0.00 -89.58 0.00
31.45 108.62 0.04 0.00 -89.58 0.00
31.45 108.62 0.04 0.00 -89.58 0.00
31.45 108.62 0.04 0.00 -89.58 0.00
31.45 108.62 0.04 0.00 -89.58 0.00
31.45 108.62 0.04 0.00 -89.58 0.00
31.45 108.62 0.04 0.00 -89.58 0.00
31.45 108.62 0.04 0.00 -89.58 0.00
31.45 108.62 0.04 0.00 -89.58 0.00
31.45 108.62 0.04 0.00 -89.58 0.00
31.45 108.62 0.04 0.00 -89.58 0.00
31.45 108.62 0.04 0.00 -89.58 0.00
31.45 108.62 0.04 0.00 -89.58 0.00
31.45 108.62 0.04 0.00 -89.58 0.00
31.45 108.62 0.04 0.00 -89.58 0.00
31.45 108.62 0.04 0.00 -89.58 0.00
31.45 108.62 0.04 0.00 -89.58 0.00
31.45 108.62 0.04 0.00 -89.58 0.00
31.45 108.42 0.04 0.06 -89.55 -0.00
31.46 107.60 0.04 0.06 -89.38 -0.00
31.49 106.13 0.04 0.05 -89.19 -0.00
31.52 104.17 0.04 0.05 -89.04 0.00
31.46 101.69 0.04 0.04 -92.24 0.10
30.78 98.72 0.04 0.03 -104.66 0.16
29.22 95.64 0.04 0.00 -119.40 0.16
27.03 93.11 0.04 -0.01 -133.04 0.16
24.28 91.16 0.04 -0.01 -147.26 0.17
21.22 89.96 0.04 -0.00 -160.36 0.13
18.13 89.37 0.04 0.00 -170.46 0.11
14.78 89.23 0.04 0.00 -178.58 0.04
11.43 89.23 0.04 0.00 -179.57 -0.02
8.23 89.17 0.04 0.00 -178.81 -0.01
4.90 89.08 0.04 0.00 -178.41 -0.00
1.51 88.97 0.04 0.00 -178.26 0.00
-1.83 88.87 0.04 0.00 -178.31 0.00
-5.25 88.78 0.04 0.00 -178.43 0.00
-8.39 88.70 0.04 0.00 -178.57 0.00
-11.75 88.62 0.04 0.00 -178.71 0.00
-15.27 88.55 0.04 0.00 -178.86 0.00
-18.54 88.49 0.04 0.00 -178.99 0.00
-21.85 88.44 0.04 0.00 -179.10 0.00
-25.14 88.39 0.04 0.00 -179.20 0.00
-28.37 88.35 0.04 0.00 -179.28 0.00
-31.53 88.31 0.04 -0.14 -179.05 -0.00
-32.53 88.28 0.04 -0.19 -178.67 0.01
-32.53 88.28 0.04 0.00 -178.67 0.00
-32.53 88.28 0.04 0.00 -178.67 0.00
-32.53 88.28 0.04 0.00 -178.67 0.00
-32.62 88.27 0.04 0.05 -178.58 -0.00
-33.38 88.24 0.04 0.06 -178.11 -0.00
-34.84 88.17 0.04 0.05 -177.56 -0.00
-36.64 88.13 0.04 0.15 -178.70 -0.01
-39.28 88.51 0.05 0.61 170.70 -0.08
-41.91 89.54 0.06 0.03 157.58 -0.11
-44.64 91.43 0.06 -0.11 143.24 0.01
-46.75 93.74 0.06 0.09 130.55 0.03
-48.46 96.79 0.06 0.02 116.69 0.02
-49.39 99.87 0.08 0.72 105.42 0.06
-49.80 103.11 0.09 -0.03 95.67 0.10
-49.86 106.44 0.09 0.00 90.95 -0.00
-49.99 109.80 0.09 0.00 92.91 -0.04
-50.32 113.07 0.09 0.00 96.43 -0.05
-50.88 116.31 0.09 0.00 100.45 -0.05
-51.71 119.61 0.09 0.00 104.91 -0.05
-52.75 122.68 0.09 0.00 109.41 -0.05
-54.07 125.73 0.09 0.00 114.14 -0.06
-55.62 128.63 0.09 0.00 118.92 -0.06
-57.53 131.56 0.09 0.00 124.09 -0.06
-59.62 134.20 0.09 0.00 129.11 -0.06
-61.91 136.63 0.09 0.00 134.13 -0.06
-64.39 138.84 0.09 0.00 139.17 -0.06
-66.90 140.72 0.09 0.00 143.93 -0.06
-69.74 142.47 0.09 0.00 149.03 -0.06
-72.84 144.03 0.09 0.00 154.35 -0.06
-75.80 145.19 0.09 0.00 159.26 -0.06
-78.96 146.13 0.09 0.00 164.33 -0.06
-82.21 146.78 0.09 0.00 169.46 -0.06
-85.45 147.14 0.09 0.00 174.41 -0.06
-88.88 147.23 0.09 0.00 179.21 -0.05
-92.24 147.15 0.09 0.00 -178.50 -0.00
-95.62 147.08 0.09 0.00 -179.09 0.01
-98.93 147.09 0.09 -0.04 179.35 0.04
-100.87 147.20 0.09 -0.17 177.11 0.02
-101.04 147.21 0.09 -0.03 176.69 -0.00
-101.04 147.21 0.09 0.00 176.69 -0.00
